0 0.166316 0.115000 0.032632 0.094444
0 0.192105 0.210000 0.031579 0.091111
0 0.258421 0.222222 0.036842 0.108889
0 0.163947 0.392222 0.031053 0.115556
0 0.147895 0.786111 0.055789 0.083333
0 0.410000 0.810556 0.046316 0.081111
0 0.431053 0.742778 0.053684 0.070000
0 0.475263 0.639444 0.054737 0.076667
0 0.432632 0.525000 0.032632 0.116667
0 0.390263 0.498333 0.038421 0.110000
0 0.446316 0.433889 0.042105 0.074444
0 0.466579 0.311111 0.035263 0.082222
0 0.486316 0.406111 0.037895 0.096667
0 0.471842 0.578333 0.031053 0.096667
0 0.415789 0.124444 0.040000 0.100000
0 0.388947 0.157778 0.035789 0.104444
0 0.344211 0.095556 0.064211 0.068889
0 0.208684 0.107222 0.043684 0.081111
0 0.490526 0.492778 0.028421 0.105556
0 0.473421 0.527222 0.036316 0.105556
0 0.618421 0.536111 0.037895 0.087778
0 0.537368 0.306667 0.030526 0.084444
0 0.637368 0.181111 0.047368 0.082222
0 0.630789 0.097778 0.038421 0.080000
0 0.679737 0.302222 0.055263 0.064444
0 0.781842 0.151667 0.062632 0.074444
0 0.877105 0.250000 0.033158 0.111111
0 0.785789 0.250000 0.048421 0.066667
0 0.834474 0.323889 0.051053 0.070000
0 0.835000 0.631111 0.054211 0.091111
0 0.830789 0.718889 0.050000 0.075556
0 0.820000 0.810000 0.052632 0.073333
0 0.914211 0.791667 0.046316 0.074444
0 0.901579 0.492222 0.034737 0.100000
0 0.938158 0.353889 0.032105 0.090000
0 0.929474 0.292222 0.049474 0.064444
0 0.903684 0.364444 0.042105 0.120000
0 0.813158 0.459444 0.043158 0.123333
0 0.852632 0.426111 0.028421 0.110000
0 0.857895 0.452222 0.048421 0.086667
