0 0.152368 0.291667 0.028947 0.085556
0 0.114474 0.612222 0.036316 0.088889
0 0.259211 0.665000 0.063684 0.072222
0 0.180789 0.775556 0.034211 0.100000
0 0.290263 0.126667 0.051053 0.077778
0 0.341579 0.099444 0.042105 0.070000
0 0.386053 0.103333 0.058421 0.073333
0 0.424737 0.158889 0.035789 0.113333
0 0.353421 0.202778 0.040526 0.090000
0 0.374474 0.341111 0.054211 0.075556
0 0.474211 0.317778 0.034737 0.104444
0 0.430789 0.378333 0.048947 0.094444
0 0.400526 0.508333 0.046316 0.083333
0 0.468684 0.493889 0.048947 0.061111
0 0.425526 0.456111 0.050000 0.092222
0 0.473947 0.547778 0.023684 0.082222
0 0.465789 0.653889 0.038947 0.090000
0 0.366579 0.730000 0.039474 0.097778
0 0.420789 0.692222 0.031053 0.100000
0 0.454474 0.764444 0.052105 0.080000
0 0.550263 0.478889 0.050000 0.075556
0 0.592895 0.215000 0.023684 0.112222
0 0.673947 0.130556 0.054211 0.065556
0 0.781053 0.187778 0.047368 0.082222
0 0.880789 0.181111 0.057368 0.080000
0 0.897368 0.263333 0.036842 0.102222
0 0.881316 0.329444 0.030000 0.101111
0 0.818947 0.283889 0.041053 0.096667
0 0.842105 0.317222 0.035789 0.087778
0 0.816579 0.395556 0.039474 0.102222
0 0.868421 0.494444 0.037895 0.113333
0 0.927895 0.575000 0.049474 0.096667
0 0.815000 0.632222 0.051053 0.082222
0 0.696316 0.377222 0.037895 0.110000
0 0.616842 0.481111 0.032632 0.108889
0 0.732895 0.802778 0.055263 0.085556
0 0.868421 0.700000 0.072632 0.080000
0 0.867895 0.792222 0.051579 0.053333
0 0.927632 0.687222 0.031053 0.125556
0 0.920789 0.727222 0.051053 0.076667
