0 0.276579 0.398889 0.064737 0.064444
0 0.160789 0.508889 0.030000 0.100000
0 0.336842 0.331667 0.032632 0.114444
0 0.271579 0.193333 0.027368 0.095556
0 0.327105 0.220000 0.044737 0.075556
0 0.360526 0.201667 0.044211 0.081111
0 0.336316 0.112222 0.047368 0.071111
0 0.376316 0.115000 0.034737 0.094444
0 0.460789 0.173333 0.031053 0.115556
0 0.426053 0.105000 0.027895 0.074444
0 0.484737 0.304444 0.030526 0.111111
0 0.436842 0.346667 0.050526 0.080000
0 0.478421 0.417778 0.029474 0.106667
0 0.447632 0.465556 0.043684 0.106667
0 0.412632 0.473889 0.048421 0.092222
0 0.409737 0.535000 0.044737 0.087778
0 0.352895 0.728333 0.046842 0.103333
0 0.399474 0.803889 0.060000 0.058889
0 0.437895 0.701111 0.034737 0.108889
0 0.465789 0.645556 0.025263 0.113333
0 0.575526 0.524444 0.039474 0.088889
0 0.611316 0.156667 0.036316 0.100000
0 0.725526 0.102222 0.052105 0.071111
0 0.768947 0.103333 0.057895 0.048889
0 0.827895 0.183333 0.048421 0.102222
0 0.779474 0.201667 0.051579 0.072222
0 0.736579 0.356111 0.037368 0.105556
0 0.835789 0.328333 0.054737 0.076667
0 0.898421 0.296111 0.031579 0.103333
0 0.931316 0.373889 0.036316 0.101111
0 0.936053 0.460000 0.025789 0.088889
0 0.893947 0.565000 0.038421 0.094444
0 0.870789 0.407222 0.045789 0.092222
0 0.861053 0.524444 0.043158 0.106667
0 0.856579 0.666667 0.040526 0.135556
0 0.917632 0.682222 0.040526 0.124444
0 0.772368 0.692778 0.059474 0.065556
0 0.695789 0.800000 0.036842 0.100000
0 0.822105 0.831111 0.046316 0.075556
0 0.856842 0.837222 0.040000 0.072222
