0 0.340526 0.139444 0.056842 0.078889
0 0.395263 0.103889 0.053684 0.074444
0 0.429211 0.169444 0.040526 0.110000
0 0.378421 0.178889 0.045263 0.082222
0 0.333684 0.298889 0.054737 0.088889
0 0.433158 0.332778 0.042105 0.092222
0 0.409474 0.442222 0.056842 0.086667
0 0.313947 0.531111 0.043684 0.100000
0 0.223421 0.601667 0.036316 0.070000
0 0.261842 0.703889 0.037368 0.098889
0 0.213158 0.768889 0.042105 0.088889
0 0.155526 0.812778 0.051053 0.074444
0 0.387368 0.538889 0.042105 0.120000
0 0.449211 0.602222 0.066842 0.086667
0 0.332895 0.701667 0.039474 0.076667
0 0.413684 0.667222 0.043158 0.078889
0 0.454474 0.682778 0.038421 0.058889
0 0.396053 0.743333 0.050000 0.075556
0 0.400000 0.816667 0.049474 0.062222
0 0.434737 0.746667 0.038947 0.100000
0 0.607368 0.453333 0.030526 0.104444
0 0.590000 0.147778 0.033684 0.108889
0 0.671579 0.150000 0.049474 0.080000
0 0.858158 0.204444 0.034211 0.111111
0 0.921579 0.281111 0.033684 0.088889
0 0.905000 0.419444 0.039474 0.105556
0 0.865789 0.372778 0.041053 0.116667
0 0.675526 0.395556 0.041579 0.093333
0 0.795789 0.580556 0.041053 0.103333
0 0.699474 0.705556 0.058947 0.082222
0 0.569737 0.670000 0.033158 0.111111
0 0.673947 0.791111 0.058421 0.068889
0 0.797632 0.762222 0.068947 0.066667
0 0.788158 0.840556 0.052105 0.058889
0 0.846316 0.797222 0.034737 0.116667
0 0.838421 0.651111 0.048421 0.126667
0 0.895263 0.586111 0.044211 0.101111
0 0.916053 0.686111 0.035263 0.087778
0 0.893158 0.767222 0.052632 0.063333
0 0.880789 0.695000 0.050000 0.065556
