0 0.640526 0.181667 0.027368 0.103333
0 0.892895 0.214444 0.048947 0.077778
0 0.878158 0.277778 0.041579 0.082222
0 0.924737 0.344444 0.051579 0.088889
0 0.834737 0.485556 0.033684 0.111111
0 0.912368 0.488333 0.056316 0.063333
0 0.921316 0.583333 0.046842 0.111111
0 0.892632 0.637222 0.040000 0.070000
0 0.921316 0.678333 0.053158 0.067778
0 0.903158 0.730000 0.050526 0.053333
0 0.906053 0.787778 0.055263 0.075556
0 0.846316 0.815000 0.061053 0.061111
0 0.848947 0.716667 0.058947 0.060000
0 0.850789 0.641667 0.037368 0.101111
0 0.853684 0.551667 0.028421 0.098889
0 0.816053 0.598889 0.033158 0.106667
0 0.694474 0.726111 0.030000 0.092222
0 0.764474 0.634444 0.035263 0.111111
0 0.796842 0.696111 0.038947 0.096667
0 0.776579 0.563889 0.051053 0.081111
0 0.326579 0.113889 0.050000 0.072222
0 0.383947 0.160556 0.055263 0.067778
0 0.432105 0.145556 0.037895 0.111111
0 0.418421 0.240556 0.029474 0.101111
0 0.348158 0.339444 0.037368 0.101111
0 0.266316 0.517778 0.033684 0.122222
0 0.401579 0.333333 0.043158 0.104444
0 0.472368 0.463333 0.030000 0.093333
0 0.454474 0.349444 0.041579 0.067778
0 0.432368 0.431111 0.028947 0.091111
0 0.387368 0.406667 0.027368 0.084444
0 0.403947 0.475000 0.024737 0.105556
0 0.450789 0.553889 0.024737 0.101111
0 0.364211 0.642778 0.040000 0.103333
0 0.352632 0.743889 0.053684 0.076667
0 0.138947 0.791111 0.029474 0.088889
0 0.446316 0.680556 0.030526 0.098889
0 0.415263 0.702222 0.031579 0.102222
0 0.390789 0.743889 0.035263 0.101111
0 0.443421 0.762778 0.051053 0.087778
