0 0.178947 0.657778 0.045263 0.066667
0 0.210526 0.653889 0.056842 0.065556
0 0.251842 0.595000 0.061579 0.083333
0 0.284737 0.460000 0.044211 0.093333
0 0.320000 0.509444 0.049474 0.058889
0 0.367105 0.478333 0.038421 0.118889
0 0.314474 0.176667 0.051053 0.082222
0 0.246053 0.175556 0.047895 0.062222
0 0.206842 0.109444 0.030526 0.087778
0 0.479211 0.503889 0.032105 0.098889
0 0.432632 0.581111 0.030526 0.097778
0 0.386842 0.588889 0.029474 0.104444
0 0.331579 0.614444 0.042105 0.082222
0 0.261579 0.736667 0.044211 0.060000
0 0.305526 0.710556 0.039474 0.081111
0 0.323158 0.792222 0.053684 0.084444
0 0.353158 0.726111 0.033684 0.118889
0 0.426053 0.735000 0.051053 0.090000
0 0.388158 0.814444 0.053158 0.055556
0 0.389211 0.759444 0.037368 0.076667
0 0.687895 0.312778 0.056842 0.081111
0 0.868684 0.321667 0.034211 0.110000
0 0.932895 0.296111 0.039474 0.070000
0 0.915789 0.479444 0.042105 0.098889
0 0.796053 0.483333 0.050000 0.077778
0 0.723421 0.567222 0.075263 0.087778
0 0.634211 0.562778 0.050526 0.081111
0 0.612105 0.618333 0.053684 0.058889
0 0.629211 0.687222 0.031053 0.085556
0 0.600263 0.765000 0.031053 0.094444
0 0.714737 0.713333 0.037895 0.115556
0 0.766053 0.654444 0.044737 0.111111
0 0.812632 0.668889 0.053684 0.077778
0 0.889737 0.681111 0.032105 0.108889
0 0.920263 0.726667 0.035263 0.097778
0 0.867632 0.759444 0.064737 0.061111
0 0.884211 0.801667 0.058947 0.092222
0 0.795000 0.741667 0.051053 0.072222
0 0.819474 0.807222 0.047368 0.087778
0 0.723684 0.830556 0.046316 0.076667
