0 0.396053 0.087222 0.059474 0.061111
0 0.326842 0.145556 0.043158 0.093333
0 0.380000 0.141111 0.045263 0.095556
0 0.383421 0.253333 0.051053 0.093333
0 0.322895 0.421111 0.041579 0.106667
0 0.267368 0.636111 0.048421 0.065556
0 0.193684 0.695556 0.058947 0.075556
0 0.115789 0.693333 0.034737 0.097778
0 0.093684 0.770556 0.038947 0.083333
0 0.132105 0.788333 0.037895 0.092222
0 0.198421 0.811667 0.036842 0.094444
0 0.306579 0.710000 0.038421 0.102222
0 0.366053 0.621111 0.033158 0.093333
0 0.406053 0.602778 0.034211 0.098889
0 0.447895 0.577222 0.049474 0.087778
0 0.464474 0.458333 0.038421 0.105556
0 0.483684 0.522222 0.029474 0.104444
0 0.424737 0.752778 0.049474 0.125556
0 0.353947 0.730556 0.048947 0.105556
0 0.334737 0.788333 0.046316 0.112222
0 0.531053 0.474444 0.038947 0.111111
0 0.581842 0.171667 0.038421 0.107778
0 0.786842 0.171667 0.042105 0.138889
0 0.777895 0.336111 0.046316 0.105556
0 0.703684 0.320556 0.037895 0.114444
0 0.894211 0.290556 0.035789 0.112222
0 0.937105 0.298333 0.042632 0.078889
0 0.916316 0.396111 0.046316 0.085556
0 0.903684 0.537222 0.044211 0.105556
0 0.841842 0.569444 0.052105 0.083333
0 0.918684 0.648333 0.051053 0.090000
0 0.881316 0.692222 0.052105 0.086667
0 0.874211 0.766111 0.048421 0.063333
0 0.804474 0.742778 0.041579 0.130000
0 0.838947 0.821111 0.057895 0.071111
0 0.745263 0.811667 0.055789 0.094444
0 0.678421 0.820000 0.049474 0.075556
0 0.694211 0.731111 0.037895 0.102222
0 0.585000 0.695556 0.051053 0.091111
0 0.603684 0.585556 0.045263 0.091111
