0 0.392895 0.162778 0.032105 0.103333
0 0.350000 0.178333 0.049474 0.081111
0 0.306316 0.250000 0.046316 0.088889
0 0.292632 0.335000 0.030526 0.092222
0 0.331579 0.374444 0.035789 0.113333
0 0.371842 0.324444 0.043684 0.082222
0 0.400263 0.298333 0.053158 0.074444
0 0.453684 0.302778 0.034737 0.096667
0 0.428684 0.402222 0.045789 0.104444
0 0.473947 0.435556 0.033158 0.102222
0 0.481842 0.566667 0.027895 0.102222
0 0.449737 0.512222 0.026842 0.097778
0 0.440789 0.565000 0.046842 0.085556
0 0.348158 0.532222 0.048947 0.075556
0 0.285263 0.531111 0.060000 0.075556
0 0.393684 0.659444 0.040000 0.076667
0 0.450526 0.653889 0.061053 0.065556
0 0.424211 0.784444 0.050526 0.100000
0 0.181579 0.782778 0.037895 0.098889
0 0.104474 0.755000 0.036316 0.098889
0 0.551842 0.653333 0.034211 0.106667
0 0.614211 0.585556 0.040000 0.086667
0 0.696842 0.579444 0.060000 0.078889
0 0.790526 0.280556 0.060000 0.067778
0 0.841579 0.111111 0.029474 0.097778
0 0.926053 0.286111 0.039474 0.092222
0 0.936316 0.412778 0.029474 0.083333
0 0.878421 0.423889 0.037895 0.085556
0 0.828684 0.506111 0.041579 0.101111
0 0.787368 0.695556 0.041053 0.115556
0 0.655789 0.648889 0.063158 0.077778
0 0.676842 0.786111 0.054737 0.087778
0 0.732368 0.735556 0.045789 0.095556
0 0.795526 0.793333 0.050000 0.064444
0 0.843947 0.812222 0.031053 0.082222
0 0.892368 0.771111 0.053158 0.100000
0 0.845263 0.711111 0.040000 0.082222
0 0.870789 0.610000 0.042632 0.144444
0 0.871579 0.502222 0.055789 0.071111
0 0.920000 0.485000 0.062105 0.085556
