0 0.066316 0.527778 0.030526 0.104444
0 0.308158 0.710000 0.041579 0.111111
0 0.374211 0.480556 0.036842 0.112222
0 0.428421 0.415000 0.034737 0.118889
0 0.474211 0.455556 0.040000 0.097778
0 0.458158 0.532222 0.041579 0.093333
0 0.413421 0.537778 0.040526 0.093333
0 0.406579 0.658889 0.040526 0.077778
0 0.409474 0.791667 0.048421 0.074444
0 0.436053 0.742222 0.045789 0.077778
0 0.455000 0.673889 0.048947 0.090000
0 0.486053 0.601667 0.031053 0.101111
0 0.458158 0.620556 0.040526 0.094444
0 0.382632 0.375000 0.048421 0.050000
0 0.376842 0.333333 0.046316 0.071111
0 0.292895 0.254444 0.050000 0.106667
0 0.301053 0.153333 0.049474 0.082222
0 0.304474 0.100556 0.055263 0.056667
0 0.376053 0.137222 0.050000 0.101111
0 0.416316 0.138333 0.043158 0.096667
0 0.651316 0.329444 0.044737 0.072222
0 0.763684 0.232778 0.033684 0.112222
0 0.800263 0.102778 0.046842 0.070000
0 0.868947 0.182778 0.061053 0.067778
0 0.917105 0.263333 0.043684 0.115556
0 0.852895 0.263889 0.034211 0.112222
0 0.813947 0.350000 0.034211 0.106667
0 0.864211 0.417778 0.030526 0.111111
0 0.930526 0.407222 0.025263 0.114444
0 0.898421 0.465556 0.030526 0.108889
0 0.836842 0.486111 0.032632 0.107778
0 0.895263 0.558889 0.036842 0.093333
0 0.936579 0.586667 0.030000 0.113333
0 0.858421 0.618889 0.045263 0.120000
0 0.803947 0.618889 0.039474 0.111111
0 0.748158 0.697778 0.031053 0.095556
0 0.801053 0.742778 0.057895 0.063333
0 0.860000 0.808333 0.035789 0.081111
0 0.710789 0.767778 0.047895 0.062222
0 0.631579 0.775556 0.046316 0.073333
