0 0.116842 0.527778 0.034737 0.073333
0 0.219474 0.457778 0.047368 0.082222
0 0.320526 0.102778 0.055789 0.070000
0 0.373421 0.162778 0.041579 0.107778
0 0.311316 0.259444 0.043684 0.118889
0 0.350789 0.407778 0.038421 0.106667
0 0.330000 0.566667 0.036842 0.115556
0 0.391579 0.502222 0.046316 0.077778
0 0.468684 0.488333 0.034211 0.101111
0 0.453158 0.583333 0.038947 0.093333
0 0.476053 0.634444 0.033158 0.100000
0 0.422105 0.620556 0.051579 0.067778
0 0.424211 0.707222 0.063158 0.067778
0 0.384737 0.797778 0.051579 0.095556
0 0.353684 0.696667 0.034737 0.111111
0 0.261842 0.676667 0.045789 0.071111
0 0.092632 0.642222 0.045263 0.068889
0 0.137105 0.700556 0.053158 0.087778
0 0.158684 0.821111 0.053158 0.068889
0 0.191316 0.815000 0.071053 0.074444
0 0.550263 0.416111 0.032105 0.118889
0 0.571842 0.527222 0.041579 0.107778
0 0.600263 0.740000 0.050000 0.102222
0 0.560526 0.776111 0.047368 0.056667
0 0.649737 0.690556 0.034211 0.103333
0 0.761579 0.192222 0.077895 0.091111
0 0.756316 0.360556 0.055789 0.083333
0 0.823947 0.383889 0.048947 0.094444
0 0.873947 0.298889 0.039474 0.097778
0 0.931842 0.298333 0.044737 0.065556
0 0.919474 0.406667 0.045263 0.082222
0 0.885263 0.518333 0.061053 0.076667
0 0.853947 0.573333 0.052105 0.066667
0 0.921053 0.641667 0.053684 0.078889
0 0.870000 0.715556 0.052632 0.075556
0 0.895000 0.799444 0.053158 0.074444
0 0.838684 0.817222 0.050000 0.092222
0 0.814474 0.743333 0.040526 0.117778
0 0.775789 0.807778 0.038947 0.122222
0 0.727105 0.797778 0.048947 0.104444
