0 0.280789 0.084444 0.047895 0.053333
0 0.361842 0.096111 0.053158 0.047778
0 0.410263 0.125000 0.037368 0.096667
0 0.447105 0.210000 0.026842 0.095556
0 0.457632 0.298333 0.026842 0.083333
0 0.474737 0.408333 0.031579 0.118889
0 0.440789 0.438333 0.025789 0.092222
0 0.390000 0.402222 0.041053 0.060000
0 0.390526 0.334444 0.054737 0.075556
0 0.331053 0.263889 0.046316 0.078889
0 0.385526 0.257222 0.051053 0.081111
0 0.369737 0.180000 0.036316 0.104444
0 0.320526 0.163889 0.054737 0.070000
0 0.406842 0.513889 0.049474 0.067778
0 0.356579 0.580000 0.024737 0.086667
0 0.376316 0.638333 0.034737 0.092222
0 0.429737 0.688889 0.031053 0.100000
0 0.452895 0.763333 0.037368 0.117778
0 0.406316 0.793333 0.057895 0.073333
0 0.111842 0.767222 0.059474 0.072222
0 0.638421 0.322778 0.048421 0.074444
0 0.521579 0.417222 0.030526 0.098889
0 0.678158 0.124444 0.042632 0.062222
0 0.755789 0.136667 0.031579 0.104444
0 0.803158 0.132222 0.042105 0.102222
0 0.854474 0.123333 0.044737 0.113333
0 0.804737 0.220556 0.036842 0.098889
0 0.773158 0.236111 0.036842 0.096667
0 0.717368 0.215000 0.055789 0.063333
0 0.716053 0.295556 0.053158 0.086667
0 0.757368 0.350556 0.047368 0.078889
0 0.817895 0.341111 0.049474 0.075556
0 0.933158 0.341111 0.033684 0.106667
0 0.913947 0.643333 0.031053 0.111111
0 0.866053 0.635000 0.034211 0.105556
0 0.898947 0.759444 0.036842 0.116667
0 0.844474 0.796667 0.056316 0.071111
0 0.722368 0.798333 0.057368 0.090000
0 0.788421 0.640000 0.063158 0.113333
0 0.655263 0.721667 0.038947 0.114444
