0 0.137368 0.783333 0.054737 0.068889
0 0.204211 0.691667 0.053684 0.067778
0 0.237105 0.610556 0.044737 0.118889
0 0.301579 0.672778 0.062105 0.078889
0 0.287105 0.579444 0.054211 0.103333
0 0.321842 0.597222 0.035263 0.061111
0 0.359474 0.571111 0.035789 0.111111
0 0.404211 0.586111 0.036842 0.103333
0 0.362105 0.453889 0.031579 0.116667
0 0.371579 0.316667 0.046316 0.091111
0 0.338684 0.230556 0.026842 0.092222
0 0.416316 0.143889 0.049474 0.061111
0 0.419211 0.255556 0.034211 0.088889
0 0.417632 0.340000 0.037368 0.100000
0 0.444474 0.332778 0.030000 0.103333
0 0.448158 0.414444 0.033158 0.108889
0 0.443421 0.516111 0.050000 0.087778
0 0.480000 0.485556 0.037895 0.100000
0 0.480526 0.372778 0.030526 0.123333
0 0.470789 0.625000 0.048947 0.065556
0 0.538158 0.429444 0.034211 0.110000
0 0.618947 0.439444 0.040000 0.076667
0 0.783421 0.277778 0.042632 0.104444
0 0.772895 0.112778 0.046842 0.067778
0 0.862105 0.253333 0.034737 0.104444
0 0.925789 0.262222 0.029474 0.100000
0 0.882368 0.416111 0.043684 0.090000
0 0.928684 0.468889 0.039474 0.122222
0 0.882632 0.528333 0.033684 0.103333
0 0.838158 0.568333 0.050000 0.070000
0 0.797895 0.653333 0.052632 0.104444
0 0.649474 0.751667 0.061053 0.072222
0 0.642368 0.823889 0.053158 0.083333
0 0.755000 0.830000 0.046842 0.066667
0 0.773947 0.778333 0.038421 0.125556
0 0.818684 0.767222 0.040526 0.105556
0 0.867105 0.737222 0.038421 0.127778
0 0.926579 0.603333 0.043684 0.104444
0 0.915000 0.765556 0.036316 0.091111
0 0.918158 0.684444 0.043684 0.102222
