0 0.190789 0.156667 0.044737 0.097778
0 0.300263 0.127778 0.066842 0.097778
0 0.457105 0.158333 0.044737 0.103333
0 0.421579 0.175000 0.042105 0.067778
0 0.432895 0.260000 0.041579 0.082222
0 0.388947 0.283333 0.040000 0.128889
0 0.340789 0.311667 0.044737 0.101111
0 0.244474 0.497222 0.037368 0.103333
0 0.192895 0.753889 0.040526 0.081111
0 0.267632 0.630556 0.057368 0.083333
0 0.286316 0.710000 0.051579 0.068889
0 0.312105 0.535000 0.040000 0.121111
0 0.333158 0.411111 0.037895 0.106667
0 0.393158 0.490000 0.062105 0.073333
0 0.356053 0.611111 0.041579 0.102222
0 0.426053 0.632222 0.067895 0.077778
0 0.406842 0.792222 0.049474 0.088889
0 0.480263 0.575000 0.030000 0.141111
0 0.469211 0.451111 0.048947 0.102222
0 0.475000 0.368333 0.046842 0.087778
0 0.555000 0.467778 0.040526 0.104444
0 0.584474 0.693333 0.045789 0.080000
0 0.679211 0.722222 0.036316 0.095556
0 0.674737 0.533333 0.041053 0.091111
0 0.754211 0.287222 0.049474 0.103333
0 0.725526 0.119444 0.051053 0.090000
0 0.896053 0.196111 0.045789 0.061111
0 0.886579 0.256667 0.050000 0.064444
0 0.878947 0.348333 0.054737 0.087778
0 0.938684 0.352222 0.026842 0.095556
0 0.813947 0.519444 0.034211 0.098889
0 0.742105 0.692778 0.061053 0.063333
0 0.726316 0.790000 0.048421 0.088889
0 0.842368 0.581667 0.046842 0.101111
0 0.900789 0.528333 0.041579 0.096667
0 0.912895 0.627778 0.046842 0.091111
0 0.824211 0.820556 0.072632 0.096667
0 0.900000 0.758333 0.045263 0.105556
0 0.822895 0.742778 0.061579 0.085556
0 0.866316 0.659444 0.063158 0.090000
