0 0.242632 0.462778 0.045263 0.076667
0 0.257895 0.092222 0.044211 0.068889
0 0.373684 0.125000 0.033684 0.116667
0 0.409737 0.163889 0.033158 0.103333
0 0.476053 0.310556 0.037368 0.096667
0 0.478947 0.390556 0.035789 0.096667
0 0.404737 0.330556 0.061053 0.074444
0 0.279737 0.517222 0.052105 0.076667
0 0.166053 0.637222 0.036316 0.116667
0 0.206842 0.695000 0.051579 0.076667
0 0.145263 0.798333 0.029474 0.114444
0 0.188158 0.791667 0.048947 0.083333
0 0.371842 0.743889 0.039474 0.103333
0 0.431579 0.768333 0.035789 0.101111
0 0.465789 0.629444 0.047368 0.083333
0 0.475526 0.532778 0.038421 0.101111
0 0.417105 0.547778 0.057368 0.084444
0 0.419737 0.472222 0.051053 0.077778
0 0.420526 0.409444 0.048421 0.061111
0 0.421579 0.380556 0.050526 0.087778
0 0.564737 0.253333 0.053684 0.068889
0 0.539474 0.346111 0.049474 0.065556
0 0.720000 0.120000 0.047368 0.060000
0 0.833158 0.122778 0.052632 0.074444
0 0.820526 0.238889 0.030526 0.104444
0 0.851053 0.316667 0.056842 0.066667
0 0.835263 0.442778 0.030526 0.101111
0 0.870526 0.496111 0.049474 0.103333
0 0.913947 0.532222 0.051053 0.095556
0 0.921316 0.692778 0.036316 0.101111
0 0.871579 0.622778 0.042105 0.105556
0 0.818947 0.668889 0.050526 0.131111
0 0.726053 0.767778 0.050000 0.115556
0 0.669211 0.703889 0.044737 0.072222
0 0.660000 0.448333 0.044211 0.116667
0 0.703684 0.315556 0.040000 0.117778
0 0.523158 0.590000 0.041053 0.120000
0 0.594474 0.781667 0.061579 0.081111
0 0.845000 0.839444 0.061579 0.067778
0 0.897632 0.777778 0.058421 0.073333
