0 0.143947 0.128333 0.050000 0.065556
0 0.292632 0.200000 0.050526 0.093333
0 0.312105 0.124444 0.045263 0.077778
0 0.297105 0.452778 0.034211 0.105556
0 0.373421 0.473889 0.038421 0.092222
0 0.424474 0.539444 0.040526 0.074444
0 0.475789 0.511667 0.022105 0.092222
0 0.146842 0.748333 0.044211 0.054444
0 0.235000 0.672222 0.047895 0.071111
0 0.297632 0.693333 0.033158 0.097778
0 0.261316 0.745556 0.040526 0.084444
0 0.289737 0.780000 0.046842 0.073333
0 0.367368 0.806111 0.060000 0.074444
0 0.430000 0.757778 0.045263 0.091111
0 0.383158 0.747222 0.047368 0.078889
0 0.396579 0.703333 0.070000 0.062222
0 0.331316 0.618889 0.058421 0.082222
0 0.322105 0.560000 0.049474 0.062222
0 0.373158 0.579444 0.042105 0.074444
0 0.371316 0.638333 0.042632 0.067778
0 0.631579 0.273333 0.047368 0.077778
0 0.840263 0.325556 0.033158 0.106667
0 0.933158 0.298889 0.037895 0.075556
0 0.640526 0.550556 0.043158 0.070000
0 0.590789 0.648889 0.054211 0.073333
0 0.602895 0.762778 0.032105 0.087778
0 0.632368 0.721667 0.031053 0.087778
0 0.675263 0.718333 0.038947 0.121111
0 0.752105 0.623333 0.044211 0.113333
0 0.807368 0.678333 0.048421 0.083333
0 0.881316 0.491667 0.034211 0.110000
0 0.921842 0.615556 0.034211 0.095556
0 0.863421 0.671111 0.034211 0.111111
0 0.758947 0.738333 0.052632 0.061111
0 0.734211 0.807222 0.054737 0.072222
0 0.784211 0.818333 0.026316 0.087778
0 0.824211 0.791111 0.046316 0.082222
0 0.915526 0.706667 0.038421 0.084444
0 0.891579 0.787222 0.049474 0.101111
0 0.862105 0.755556 0.042105 0.091111
