0 0.253947 0.123333 0.028947 0.091111
0 0.355263 0.119444 0.038947 0.085556
0 0.405000 0.102778 0.048947 0.085556
0 0.413421 0.188333 0.040526 0.103333
0 0.376316 0.185000 0.028421 0.101111
0 0.348684 0.200000 0.027895 0.093333
0 0.283158 0.298333 0.031579 0.110000
0 0.250526 0.473333 0.058947 0.084444
0 0.315263 0.455556 0.034737 0.084444
0 0.374737 0.395000 0.036842 0.105556
0 0.471842 0.336667 0.036316 0.106667
0 0.477368 0.450556 0.047368 0.065556
0 0.408158 0.543333 0.034211 0.093333
0 0.464737 0.531667 0.051579 0.081111
0 0.440789 0.629444 0.057368 0.074444
0 0.439737 0.737222 0.034211 0.096667
0 0.417895 0.748889 0.049474 0.088889
0 0.398421 0.810556 0.057895 0.083333
0 0.362105 0.707222 0.035789 0.103333
0 0.299474 0.682778 0.038947 0.094444
0 0.558947 0.475000 0.057895 0.092222
0 0.643158 0.487778 0.032632 0.082222
0 0.755000 0.291111 0.035263 0.120000
0 0.762368 0.097222 0.047895 0.065556
0 0.827368 0.100000 0.037895 0.084444
0 0.835263 0.296111 0.033684 0.101111
0 0.881579 0.358333 0.054737 0.072222
0 0.930000 0.399444 0.034737 0.072222
0 0.867105 0.442222 0.055263 0.064444
0 0.824211 0.508889 0.041053 0.135556
0 0.906579 0.501667 0.052105 0.105556
0 0.843421 0.686667 0.034211 0.093333
0 0.881842 0.700000 0.032105 0.108889
0 0.920000 0.723889 0.051579 0.078889
0 0.855263 0.812778 0.053684 0.081111
0 0.746316 0.660000 0.056842 0.077778
0 0.695000 0.722778 0.043684 0.105556
0 0.741316 0.748333 0.045789 0.090000
0 0.726579 0.821111 0.061579 0.077778
0 0.610789 0.802222 0.053158 0.080000
