0 0.192368 0.512222 0.031053 0.077778
0 0.317895 0.525000 0.063158 0.076667
0 0.422895 0.589444 0.040526 0.105556
0 0.435000 0.755556 0.051053 0.111111
0 0.173684 0.747778 0.045263 0.091111
0 0.229474 0.144444 0.028421 0.097778
0 0.261579 0.159444 0.048421 0.085556
0 0.307632 0.132222 0.039474 0.095556
0 0.347632 0.118889 0.053158 0.064444
0 0.378947 0.213889 0.053684 0.085556
0 0.295263 0.267778 0.033684 0.104444
0 0.342632 0.256667 0.050526 0.084444
0 0.332895 0.192222 0.024737 0.091111
0 0.471053 0.340556 0.032632 0.112222
0 0.472368 0.506111 0.042632 0.067778
0 0.471316 0.434444 0.037368 0.104444
0 0.434737 0.439444 0.037895 0.094444
0 0.408684 0.400556 0.047895 0.103333
0 0.363158 0.360000 0.049474 0.071111
0 0.429474 0.357778 0.057895 0.082222
0 0.566579 0.186667 0.056316 0.071111
0 0.761316 0.327778 0.040526 0.104444
0 0.809474 0.373333 0.038947 0.137778
0 0.886842 0.179444 0.043158 0.067778
0 0.885000 0.278889 0.054211 0.073333
0 0.932895 0.284444 0.031053 0.097778
0 0.913421 0.386667 0.059474 0.075556
0 0.897895 0.447778 0.057895 0.064444
0 0.904737 0.538889 0.061053 0.086667
0 0.912895 0.640556 0.057368 0.067778
0 0.914474 0.716667 0.055263 0.071111
0 0.803421 0.566667 0.034211 0.093333
0 0.737368 0.622778 0.058947 0.065556
0 0.683947 0.636111 0.035263 0.085556
0 0.776053 0.698333 0.061579 0.076667
0 0.841842 0.645000 0.058421 0.063333
0 0.851316 0.728333 0.061579 0.074444
0 0.892368 0.782778 0.050000 0.083333
0 0.835000 0.826111 0.058421 0.065556
0 0.765526 0.817778 0.054211 0.068889
