0 0.204211 0.155000 0.061053 0.085556
0 0.277105 0.091667 0.054211 0.052222
0 0.421579 0.090556 0.038947 0.058889
0 0.414211 0.157222 0.056842 0.065556
0 0.386316 0.286667 0.035789 0.120000
0 0.479474 0.362778 0.033684 0.118889
0 0.455263 0.564444 0.034737 0.115556
0 0.416053 0.666111 0.050000 0.092222
0 0.439737 0.725556 0.062632 0.071111
0 0.347895 0.596667 0.038947 0.111111
0 0.318684 0.656667 0.051053 0.088889
0 0.285526 0.578889 0.033158 0.106667
0 0.224737 0.602222 0.044211 0.102222
0 0.133684 0.354444 0.042105 0.100000
0 0.185789 0.761667 0.061053 0.065556
0 0.135000 0.809444 0.050000 0.078889
0 0.125263 0.750556 0.046316 0.072222
0 0.115526 0.677778 0.056316 0.075556
0 0.127895 0.625000 0.035789 0.087778
0 0.135263 0.573333 0.029474 0.086667
0 0.629211 0.335000 0.034211 0.107778
0 0.535789 0.622222 0.050526 0.113333
0 0.607895 0.675000 0.045263 0.083333
0 0.661579 0.675000 0.044211 0.094444
0 0.686842 0.590000 0.032632 0.095556
0 0.753947 0.518333 0.040526 0.103333
0 0.802105 0.570000 0.048421 0.135556
0 0.887895 0.299444 0.060000 0.085556
0 0.922895 0.217778 0.036316 0.091111
0 0.913158 0.422222 0.063158 0.082222
0 0.872105 0.557222 0.051579 0.085556
0 0.908684 0.567222 0.043684 0.074444
0 0.931053 0.648889 0.038947 0.113333
0 0.896316 0.715556 0.038947 0.100000
0 0.736053 0.722222 0.039474 0.111111
0 0.765789 0.839444 0.049474 0.065556
0 0.793947 0.778333 0.034211 0.105556
0 0.837632 0.741667 0.032105 0.105556
0 0.857368 0.804444 0.054737 0.066667
0 0.879211 0.825000 0.054211 0.070000
