0 0.182895 0.264444 0.037368 0.120000
0 0.118947 0.428889 0.037895 0.104444
0 0.311579 0.436667 0.056842 0.082222
0 0.381579 0.402778 0.040000 0.076667
0 0.356053 0.202778 0.040526 0.098889
0 0.344737 0.146667 0.055789 0.073333
0 0.373421 0.096667 0.053158 0.073333
0 0.428421 0.120556 0.054737 0.081111
0 0.410000 0.187222 0.043158 0.105556
0 0.150000 0.115556 0.064211 0.082222
0 0.425526 0.382778 0.045789 0.081111
0 0.479211 0.376111 0.035263 0.118889
0 0.469211 0.461667 0.034211 0.098889
0 0.424737 0.478333 0.061053 0.085556
0 0.430789 0.548889 0.052105 0.071111
0 0.478421 0.590556 0.046316 0.087778
0 0.403421 0.751111 0.048947 0.071111
0 0.417368 0.808889 0.054737 0.077778
0 0.298684 0.778889 0.078421 0.077778
0 0.477368 0.432222 0.027368 0.095556
0 0.538158 0.226667 0.038421 0.102222
0 0.592368 0.209444 0.039474 0.090000
0 0.649211 0.168889 0.037368 0.095556
0 0.766053 0.132778 0.032105 0.105556
0 0.564211 0.389444 0.054737 0.063333
0 0.667632 0.535000 0.061579 0.076667
0 0.832895 0.443889 0.061579 0.070000
0 0.910263 0.382778 0.055263 0.081111
0 0.890000 0.435000 0.043158 0.098889
0 0.908684 0.560556 0.035263 0.116667
0 0.841842 0.553333 0.075263 0.088889
0 0.740000 0.636667 0.051579 0.080000
0 0.680526 0.758333 0.047368 0.096667
0 0.662368 0.842222 0.052105 0.060000
0 0.791053 0.817222 0.044211 0.078889
0 0.738421 0.816667 0.055789 0.066667
0 0.703421 0.812222 0.032105 0.100000
0 0.878421 0.769444 0.052632 0.098889
0 0.910789 0.699444 0.033158 0.107778
0 0.872105 0.669444 0.052632 0.092222
