0 0.135526 0.091667 0.039474 0.067778
0 0.247895 0.151667 0.060000 0.076667
0 0.326842 0.111667 0.060000 0.063333
0 0.421053 0.131111 0.048421 0.084444
0 0.444737 0.248333 0.037895 0.110000
0 0.399737 0.313333 0.039474 0.095556
0 0.346842 0.240556 0.054737 0.085556
0 0.135000 0.443889 0.039474 0.105556
0 0.363684 0.295556 0.027368 0.104444
0 0.117105 0.782778 0.054211 0.074444
0 0.298421 0.742778 0.034737 0.094444
0 0.370000 0.566667 0.046316 0.086667
0 0.409737 0.601667 0.035263 0.096667
0 0.439474 0.613889 0.026316 0.087778
0 0.380789 0.726667 0.046842 0.095556
0 0.441316 0.698889 0.034211 0.102222
0 0.421053 0.762778 0.050526 0.067778
0 0.478684 0.591111 0.034211 0.102222
0 0.476316 0.671111 0.037895 0.073333
0 0.463421 0.759444 0.041579 0.087778
0 0.634474 0.318889 0.054211 0.071111
0 0.685789 0.363333 0.030526 0.097778
0 0.746579 0.220556 0.033158 0.110000
0 0.703947 0.105556 0.040526 0.062222
0 0.791579 0.134444 0.044211 0.091111
0 0.879474 0.142222 0.047368 0.100000
0 0.896053 0.257778 0.032105 0.091111
0 0.839211 0.251667 0.045789 0.087778
0 0.928421 0.376667 0.032632 0.100000
0 0.772368 0.338889 0.055263 0.080000
0 0.825526 0.463333 0.034211 0.095556
0 0.848158 0.330000 0.030000 0.102222
0 0.879474 0.405556 0.028421 0.104444
0 0.862368 0.532222 0.072105 0.091111
0 0.693947 0.673889 0.044737 0.081111
0 0.764474 0.788333 0.033158 0.101111
0 0.713421 0.801111 0.033158 0.086667
0 0.814474 0.826111 0.044737 0.085556
0 0.855263 0.773889 0.028421 0.118889
0 0.858684 0.773889 0.059474 0.067778
