0 0.288421 0.096667 0.049474 0.064444
0 0.340789 0.138889 0.036316 0.122222
0 0.391053 0.101667 0.055789 0.061111
0 0.481579 0.402778 0.028421 0.107778
0 0.453684 0.479444 0.038947 0.116667
0 0.468947 0.568333 0.061053 0.083333
0 0.428158 0.615556 0.060526 0.071111
0 0.346053 0.511111 0.035263 0.106667
0 0.293947 0.493889 0.053158 0.076667
0 0.315526 0.342778 0.046842 0.078889
0 0.361579 0.327778 0.057895 0.073333
0 0.395789 0.350000 0.040000 0.106667
0 0.418421 0.410556 0.066316 0.061111
0 0.412895 0.508333 0.045789 0.101111
0 0.135526 0.299444 0.042632 0.121111
0 0.119474 0.218333 0.041053 0.103333
0 0.086053 0.487778 0.047895 0.091111
0 0.083421 0.652222 0.041579 0.100000
0 0.148158 0.662778 0.050000 0.105556
0 0.172368 0.797778 0.030000 0.093333
0 0.618158 0.377222 0.031053 0.105556
0 0.650789 0.531667 0.045789 0.078889
0 0.681053 0.647778 0.043158 0.106667
0 0.603947 0.652778 0.041579 0.076667
0 0.602895 0.781667 0.041579 0.130000
0 0.692105 0.828333 0.048421 0.072222
0 0.737105 0.770000 0.053158 0.082222
0 0.766842 0.846667 0.053684 0.057778
0 0.803158 0.792778 0.048421 0.078889
0 0.830263 0.826111 0.046842 0.081111
0 0.871316 0.777778 0.039474 0.093333
0 0.921053 0.535556 0.029474 0.108889
0 0.861316 0.581667 0.048947 0.083333
0 0.823684 0.663889 0.057895 0.070000
0 0.768158 0.592778 0.050000 0.123333
0 0.831842 0.452222 0.039474 0.093333
0 0.868158 0.396667 0.034211 0.122222
0 0.853421 0.301667 0.052105 0.078889
0 0.845789 0.206667 0.033684 0.106667
0 0.818947 0.133333 0.052632 0.073333
