0 0.219474 0.715556 0.047368 0.071111
0 0.313947 0.533889 0.028947 0.107778
0 0.276316 0.510556 0.038947 0.105556
0 0.285000 0.409444 0.045789 0.092222
0 0.248947 0.253333 0.031579 0.086667
0 0.338684 0.145556 0.038421 0.104444
0 0.386053 0.185556 0.035263 0.097778
0 0.411579 0.102778 0.055789 0.070000
0 0.477105 0.349444 0.031053 0.105556
0 0.442368 0.353889 0.032105 0.107778
0 0.395526 0.326667 0.045789 0.062222
0 0.403684 0.433889 0.035789 0.114444
0 0.377632 0.481111 0.030000 0.082222
0 0.448947 0.493333 0.038947 0.091111
0 0.477895 0.537222 0.030526 0.096667
0 0.416579 0.609444 0.034211 0.103333
0 0.374737 0.674444 0.027368 0.104444
0 0.422368 0.787222 0.045789 0.063333
0 0.447632 0.679444 0.036316 0.094444
0 0.478421 0.609444 0.048421 0.076667
0 0.645263 0.323889 0.040000 0.078889
0 0.863684 0.242222 0.037895 0.086667
0 0.913947 0.221111 0.042632 0.080000
0 0.911316 0.324444 0.050000 0.075556
0 0.839211 0.359444 0.051053 0.072222
0 0.902105 0.403333 0.056842 0.068889
0 0.932368 0.483333 0.032105 0.120000
0 0.891316 0.470000 0.046842 0.073333
0 0.834737 0.511667 0.037895 0.105556
0 0.655000 0.697222 0.034211 0.085556
0 0.706579 0.773333 0.042632 0.080000
0 0.761053 0.664444 0.043158 0.082222
0 0.757632 0.767778 0.039474 0.091111
0 0.841053 0.816667 0.044211 0.080000
0 0.860000 0.659444 0.052632 0.116667
0 0.852632 0.577222 0.050526 0.074444
0 0.879211 0.536667 0.048947 0.108889
0 0.938158 0.632778 0.033158 0.114444
0 0.892105 0.652778 0.030526 0.101111
0 0.905263 0.738889 0.050526 0.077778
