0 0.290789 0.156111 0.057368 0.083333
0 0.367632 0.310556 0.044737 0.092222
0 0.292105 0.424444 0.036842 0.115556
0 0.098947 0.670000 0.043158 0.091111
0 0.199737 0.742222 0.042632 0.113333
0 0.162105 0.772778 0.049474 0.098889
0 0.283947 0.612778 0.033158 0.087778
0 0.335000 0.525556 0.045789 0.108889
0 0.410263 0.457222 0.041579 0.092222
0 0.441053 0.377778 0.038947 0.115556
0 0.481579 0.305556 0.035789 0.106667
0 0.474474 0.428333 0.030000 0.107778
0 0.353684 0.728889 0.053684 0.068889
0 0.409737 0.779444 0.058421 0.085556
0 0.439474 0.718889 0.052632 0.082222
0 0.426316 0.643889 0.047368 0.107778
0 0.405000 0.589444 0.037368 0.101111
0 0.453947 0.585556 0.038421 0.088889
0 0.462632 0.521667 0.030526 0.087778
0 0.441316 0.501667 0.042632 0.061111
0 0.630526 0.231111 0.040000 0.091111
0 0.555789 0.464444 0.037895 0.077778
0 0.673684 0.720000 0.035789 0.100000
0 0.586316 0.716667 0.054737 0.075556
0 0.587105 0.804444 0.058421 0.071111
0 0.756579 0.622778 0.060526 0.083333
0 0.764737 0.260000 0.036842 0.122222
0 0.831316 0.117222 0.037368 0.085556
0 0.874474 0.238889 0.036316 0.100000
0 0.912895 0.334444 0.041579 0.077778
0 0.860789 0.422778 0.037368 0.094444
0 0.909737 0.512222 0.050000 0.073333
0 0.827895 0.569444 0.044211 0.078889
0 0.880789 0.601111 0.057368 0.086667
0 0.751579 0.814444 0.050526 0.084444
0 0.815263 0.780000 0.040000 0.106667
0 0.856053 0.705556 0.066842 0.088889
0 0.892632 0.786667 0.064211 0.068889
0 0.911579 0.709444 0.036842 0.094444
0 0.925263 0.634444 0.047368 0.093333
