0 0.389474 0.091111 0.049474 0.066667
0 0.429737 0.142778 0.042632 0.114444
0 0.376579 0.160000 0.048947 0.064444
0 0.332632 0.300556 0.057895 0.087778
0 0.288421 0.392222 0.050526 0.106667
0 0.452105 0.360556 0.051579 0.065556
0 0.370263 0.466111 0.037368 0.107778
0 0.430526 0.485556 0.043158 0.091111
0 0.148947 0.691111 0.037895 0.104444
0 0.170263 0.732778 0.050000 0.074444
0 0.126842 0.799444 0.043158 0.090000
0 0.194211 0.813333 0.051579 0.080000
0 0.275000 0.800000 0.058421 0.084444
0 0.359737 0.705556 0.056316 0.084444
0 0.397632 0.754444 0.044737 0.113333
0 0.262368 0.618333 0.036316 0.098889
0 0.337895 0.590556 0.056842 0.085556
0 0.390000 0.656111 0.033684 0.105556
0 0.424211 0.581667 0.044211 0.105556
0 0.479211 0.628889 0.037368 0.084444
0 0.565526 0.292778 0.031053 0.118889
0 0.604474 0.519444 0.032105 0.112222
0 0.572368 0.673333 0.037368 0.111111
0 0.685789 0.328889 0.044211 0.095556
0 0.751053 0.287222 0.062105 0.116667
0 0.753684 0.133333 0.058947 0.075556
0 0.846316 0.276667 0.035789 0.104444
0 0.888158 0.296667 0.041579 0.120000
0 0.932895 0.280000 0.035263 0.082222
0 0.873947 0.493889 0.050000 0.083333
0 0.827105 0.566111 0.040526 0.087778
0 0.750526 0.707778 0.051579 0.086667
0 0.694737 0.710556 0.047368 0.094444
0 0.738421 0.821667 0.050526 0.067778
0 0.805526 0.826111 0.067895 0.078889
0 0.825526 0.773889 0.031053 0.121111
0 0.861053 0.760556 0.052632 0.083333
0 0.886316 0.706111 0.050526 0.092222
0 0.901316 0.611111 0.057368 0.080000
0 0.928421 0.555000 0.036842 0.114444
