0 0.166053 0.098333 0.048947 0.056667
0 0.235789 0.110000 0.051579 0.084444
0 0.325263 0.115556 0.057895 0.082222
0 0.381053 0.092222 0.044211 0.073333
0 0.421579 0.157222 0.028421 0.121111
0 0.396316 0.247222 0.041053 0.094444
0 0.455526 0.269444 0.033158 0.110000
0 0.391053 0.169444 0.038947 0.076667
0 0.450263 0.450000 0.050000 0.082222
0 0.469211 0.562222 0.056316 0.068889
0 0.440000 0.730556 0.037895 0.092222
0 0.427895 0.793889 0.054737 0.065556
0 0.366579 0.504444 0.039474 0.120000
0 0.396053 0.410000 0.067895 0.080000
0 0.178684 0.412778 0.060526 0.072222
0 0.119474 0.445000 0.040000 0.087778
0 0.118421 0.608333 0.053684 0.096667
0 0.128684 0.755000 0.027895 0.110000
0 0.155789 0.826667 0.053684 0.062222
0 0.222632 0.805000 0.057895 0.094444
0 0.604474 0.262222 0.036316 0.097778
0 0.807105 0.205556 0.036316 0.108889
0 0.892368 0.176667 0.075263 0.075556
0 0.891316 0.313333 0.061579 0.073333
0 0.898684 0.416111 0.048947 0.096667
0 0.922895 0.491667 0.046842 0.096667
0 0.839474 0.385556 0.037895 0.124444
0 0.887105 0.626667 0.041579 0.093333
0 0.855000 0.791667 0.030000 0.116667
0 0.789474 0.833333 0.058947 0.071111
0 0.772895 0.788889 0.058421 0.075556
0 0.758158 0.717222 0.041579 0.105556
0 0.677368 0.801111 0.056842 0.086667
0 0.630526 0.817778 0.046316 0.082222
0 0.584211 0.785000 0.031579 0.094444
0 0.620526 0.720000 0.055789 0.066667
0 0.634737 0.547778 0.034737 0.117778
0 0.662632 0.492778 0.053684 0.094444
0 0.778421 0.457222 0.033684 0.101111
0 0.769211 0.597778 0.048947 0.124444
