0 0.113421 0.722778 0.038421 0.101111
0 0.107632 0.788333 0.046842 0.081111
0 0.172105 0.808889 0.053684 0.077778
0 0.173158 0.713333 0.041053 0.080000
0 0.177632 0.750000 0.066842 0.053333
0 0.121316 0.113333 0.057368 0.088889
0 0.289211 0.152222 0.047895 0.080000
0 0.376579 0.128889 0.048947 0.091111
0 0.427368 0.138889 0.041053 0.108889
0 0.389474 0.275556 0.042105 0.095556
0 0.415263 0.356111 0.044211 0.098889
0 0.471579 0.483333 0.034737 0.104444
0 0.476053 0.591667 0.031053 0.103333
0 0.432632 0.627222 0.045263 0.067778
0 0.431053 0.488889 0.035789 0.106667
0 0.395789 0.468889 0.031579 0.093333
0 0.376316 0.558889 0.031579 0.086667
0 0.391316 0.698333 0.043684 0.072222
0 0.321316 0.746667 0.050000 0.073333
0 0.380526 0.791111 0.053684 0.071111
0 0.606053 0.142222 0.036316 0.102222
0 0.684474 0.322778 0.057368 0.065556
0 0.832368 0.215556 0.050000 0.082222
0 0.925789 0.308333 0.034737 0.085556
0 0.871053 0.329444 0.035789 0.105556
0 0.900263 0.400000 0.035263 0.111111
0 0.872632 0.470000 0.034737 0.097778
0 0.925789 0.493889 0.041053 0.101111
0 0.903947 0.622222 0.062632 0.080000
0 0.845526 0.645000 0.028947 0.096667
0 0.795526 0.585000 0.054211 0.076667
0 0.652368 0.454444 0.044737 0.104444
0 0.652368 0.556667 0.051053 0.088889
0 0.595263 0.576111 0.036842 0.103333
0 0.564211 0.761667 0.041053 0.103333
0 0.676316 0.673889 0.033684 0.092222
0 0.799474 0.739444 0.054737 0.112222
0 0.872895 0.783889 0.055263 0.103333
0 0.798421 0.843889 0.043158 0.063333
0 0.836316 0.846111 0.049474 0.058889
