0 0.260789 0.110000 0.056316 0.080000
0 0.393947 0.135556 0.055263 0.086667
0 0.438947 0.157222 0.045263 0.081111
0 0.301842 0.238889 0.025789 0.102222
0 0.327105 0.332778 0.034211 0.105556
0 0.284474 0.375000 0.035263 0.094444
0 0.250526 0.478889 0.056842 0.080000
0 0.360526 0.437778 0.028421 0.111111
0 0.428158 0.442222 0.050000 0.080000
0 0.478158 0.449444 0.027895 0.092222
0 0.305526 0.575000 0.040526 0.112222
0 0.132368 0.783889 0.050000 0.083333
0 0.281842 0.706667 0.045789 0.064444
0 0.341053 0.710556 0.040000 0.063333
0 0.393684 0.712222 0.058947 0.084444
0 0.435000 0.663333 0.030000 0.111111
0 0.465263 0.713889 0.053684 0.092222
0 0.394737 0.605000 0.032632 0.114444
0 0.357368 0.567222 0.043158 0.107778
0 0.325526 0.638333 0.041579 0.094444
0 0.576579 0.457222 0.030000 0.101111
0 0.553684 0.558333 0.047368 0.072222
0 0.576053 0.672222 0.040526 0.093333
0 0.676316 0.422778 0.036842 0.110000
0 0.851053 0.317778 0.052632 0.084444
0 0.916842 0.286111 0.052632 0.076667
0 0.865526 0.203333 0.037368 0.104444
0 0.805263 0.117778 0.057895 0.075556
0 0.830789 0.443889 0.040526 0.114444
0 0.889211 0.473333 0.057368 0.088889
0 0.914211 0.648889 0.045263 0.084444
0 0.869211 0.628333 0.035263 0.094444
0 0.801842 0.547222 0.033158 0.090000
0 0.768158 0.516667 0.033158 0.095556
0 0.818158 0.635556 0.062632 0.082222
0 0.703684 0.710556 0.056842 0.072222
0 0.647632 0.797222 0.047895 0.087778
0 0.865526 0.813889 0.046842 0.078889
0 0.818421 0.791111 0.042105 0.104444
0 0.772895 0.742778 0.051053 0.114444
