0 0.300263 0.100556 0.063684 0.072222
0 0.387895 0.146667 0.051579 0.080000
0 0.182895 0.400556 0.045789 0.074444
0 0.167368 0.471111 0.031579 0.102222
0 0.195789 0.484444 0.049474 0.071111
0 0.262368 0.514444 0.036316 0.124444
0 0.321579 0.463889 0.047368 0.085556
0 0.360789 0.415000 0.053158 0.090000
0 0.469474 0.486111 0.028421 0.101111
0 0.389474 0.528889 0.043158 0.088889
0 0.332895 0.571111 0.046842 0.086667
0 0.191053 0.551667 0.052632 0.065556
0 0.161316 0.763333 0.045789 0.073333
0 0.249737 0.697222 0.042632 0.078889
0 0.242632 0.792778 0.064211 0.061111
0 0.404211 0.796111 0.065263 0.085556
0 0.413947 0.690556 0.058421 0.081111
0 0.392895 0.611667 0.057368 0.081111
0 0.434211 0.606111 0.032632 0.096667
0 0.456053 0.721111 0.047895 0.071111
0 0.582632 0.458889 0.030526 0.097778
0 0.638421 0.477778 0.040000 0.120000
0 0.579211 0.613889 0.053158 0.083333
0 0.632105 0.709444 0.040000 0.090000
0 0.595526 0.738333 0.045789 0.092222
0 0.590263 0.815556 0.052105 0.062222
0 0.746053 0.294444 0.044737 0.104444
0 0.867895 0.299444 0.038947 0.103333
0 0.932895 0.302222 0.042632 0.075556
0 0.919211 0.414444 0.042632 0.091111
0 0.832368 0.428333 0.047895 0.094444
0 0.791842 0.571667 0.057368 0.076667
0 0.844211 0.581111 0.053684 0.086667
0 0.908421 0.640556 0.056842 0.096667
0 0.845526 0.677778 0.048947 0.084444
0 0.793947 0.708333 0.032105 0.116667
0 0.782368 0.806667 0.034211 0.111111
0 0.836842 0.818889 0.061053 0.091111
0 0.865263 0.771111 0.040000 0.095556
0 0.908421 0.780556 0.048421 0.083333
